algorithm 0.8774010868087907 0.7044080117753457 0.9815383213300276 0.8330637822247773 0.27125314057810446 0.06821844903885177 0.5083511292628343 0.29268167980141335
trevor 0.5306497746400952 0.6248784645727277 0.41853556934029956 0.3797207214574413 0.4868596956601008 0.45999016441744667 0.4062498870601111 0.7483770830854236
bike 0.5229652962078227 0.33313090740278994 0.27208779543907713 0.7209145619969765 0.1281810500815206 0.21924404158017197 0.6334047713689106 0.10413889437384705
prediction 0.02076447412174065 0.1603020794749881 0.3119332140150567 0.7093724112994632 0.690987393026878 0.0055243249006928785 0.006562017141784615 0.9445142461297025
problem 0.9785049579451911 0.21073908502993932 0.026123310138457034 0.8638741505578562 0.771183496186718 0.6263091509935128 0.12636493695690387 0.3991733404096389
a 0.34712767604226213 0.22882360611742947 0.6474186939097707 0.9678958638843584 0.2751409121252175 0.7697356455072198 0.5482250674257655 0.3484128034784043
search 0.4245399248959384 0.16850885418552053 0.15507944529897255 0.07771595636537476 0.8487365356050874 0.5944541337922382 0.8658586995599495 0.33908323634457627
count 0.6247454613004916 0.7487784166105125 0.4384180554844018 0.6974952233244669 0.32574054708831957 0.7946674339611125 0.3576413288453061 0.009678099604794488
features 0.2142380471242128 0.4762409901995781 0.7447545951722514 0.10845326984164405 0.010527553287803859 0.27676029286181014 0.3025375637786365 0.21229493165548619
automated 0.7009205143472585 0.4668838264161127 0.7989878270364001 0.6831214965414305 0.8104740069169958 0.7227781222031137 0.5351136646822365 0.17265449244545927
default 0.28374872260664696 0.4094270296113808 0.5786942950322134 0.04312539312057162 0.9145484979427054 0.4177051718603779 0.5500790129746777 0.6850793049245315
take 0.49808907931467084 0.7491052079024941 0.8024635399262511 0.07787426227870076 0.5351825178334363 0.4266565251881649 0.6747813093981535 0.49129691094719075
automatically 0.2235153464516083 0.5015888097473996 0.6291883563400988 0.9295734921100187 0.14950728160344284 0.3743895242366181 0.3225267368542689 0.778612351864511
smart 0.7933229686092907 0.4884284249992078 0.6792365764669328 0.03628237992399397 0.6914848746634374 0.5618308920633273 0.7923805338050596 0.6493801454142538
combination 0.40401999964032187 0.7167474466868582 0.45393435802972115 0.5523071331525151 0.9965798446576988 0.6763123305876552 0.20927420010525355 0.1736384455855149
parameters 0.007642478231458916 0.4339864139241658 0.964119541183491 0.7867979776190301 0.8809788131115246 0.272511279163024 0.6263596923307722 0.8442254424800155
kaggle 0.17086938327099366 0.013502683893217071 0.5385670276475204 0.9424474839668519 0.9911212766213479 0.543571202081296 0.47106801091975237 0.587733491666564
hastie 0.518440227503176 0.0794700108660471 0.25227922203856645 0.18502307547302987 0.8086491975206558 0.525562356343994 0.4004691869109477 0.6586767051714821
notebook 0.7521855295714557 0.6213476347613649 0.5792493600725177 0.6175798875571357 0.4925529758181083 0.520859001874477 0.7215355773432697 0.5255477791618399
ensembles 0.4152167639573563 0.1516599683072044 0.4810835262294123 0.26633360001776163 0.003569794927162251 0.6731034735044034 0.2742772259624745 0.20099283383450883
starting 0.8580387068406766 0.5765568387003709 0.6109885660637445 0.9222932283903165 0.3519923222444319 0.04976551322418166 0.6368755367090393 0.22560403712647792
cloud 0.5328893063110979 0.97302049076126 0.18798270676385898 0.2844344013703174 0.1942366248329498 0.015721227648234803 0.12470559220998423 0.25132900829062776
unhealthy 0.8767519322898418 0.6655352415377963 0.9901177558846309 0.9081714134014437 0.7179091783850643 0.6594112115616072 0.15616991372509414 0.794384940650513
prone 0.5213281624823066 0.8884301045650644 0.16469809262931023 0.9264562447448912 0.6755830156184114 0.6251518853161517 0.45735616578913985 0.1242227686472569
normal 0.7843036325604134 0.1446643198251346 0.1300165975008465 0.9519497966044141 0.4398141375045258 0.15945830791437188 0.46685332142685243 0.6959058673129503
randomsearch 0.9958011057606497 0.14778174782220077 0.685031769149278 0.29281853770914545 0.9505924489038189 0.8271213397168475 0.3802967659790808 0.7890637376238032
variety 0.3690407119050272 0.341034021565748 0.5743450725162789 0.4770656901776793 0.46862853692298256 0.08123335391963238 0.5889240174825235 0.12161957256640699
multiple 0.44859670663616724 0.6363249883476345 0.3843213415289488 0.8671954760384216 0.38165695205085426 0.44927046336986587 0.8663263787345424 0.9243616620941227
understand 0.6059806271584454 0.4864378658191155 0.5578701451308299 0.574461914392088 0.12271810042412412 0.14757599386730536 0.06545700350726524 0.6204178333423589
aws 0.342453135719318 0.19763554056689103 0.9392124216777027 0.9185956282504747 0.2596515354728889 0.21425348078309914 0.1948047362704417 0.8515417185870543
on 0.39557676889113647 0.011685634759937225 0.8010605056269572 0.3660194098559688 0.9610041839956706 0.6567551110472373 0.29626225049320254 0.1410933390795831
owners 0.1136193617957445 0.9836619580057565 0.5561785971556089 0.8780454538009789 0.5226397366231847 0.33283339967418946 0.9249747645154462 0.27418941525029095
add 0.10033031613828869 0.4345576434063836 0.25031298821843706 0.4644376347060625 0.9856433860866121 0.916666788021183 0.9591756861117448 0.878422040115668
substantial 0.1502327754916416 0.8782343752391543 0.9612991034706025 0.55500804033328 0.5170150511185404 0.6850179596106412 0.8526206942826255 0.8664198654237065
algorithms 0.5763833134236132 0.06515185125358414 0.48605937005916156 0.06912208735779446 0.32964725464954625 0.697529926150883 0.25327646075842114 0.5617750569996378
trademarks 0.1579887039372293 0.6357492944025895 0.36898887296246585 0.5691625203100591 0.551306431943464 0.47616044542753644 0.23550043068064497 0.26748823194525573
registered 0.3684727539973419 0.7213157779309624 0.4795322389961315 0.33489101499747187 0.14206776018510214 0.9451625883949438 0.663572540387026 0.6013811999525176
generalizes 0.10905166776256614 0.4387278478745429 0.6307115508186264 0.9620591226161002 0.2300090420151033 0.9032835039455064 0.6029968571653106 0.9639940664816448
phone 0.5242118750864627 0.11958704891990679 0.3951605079066006 0.45711275028357756 0.7687963417722685 0.7166895296559428 0.6571898219607535 0.4505655945165027
outcome 0.7977662009814168 0.1921998716956378 0.9637038821462718 0.9159145421105239 0.8716411970935285 0.6100876364438713 0.3300210035188824 0.11696444986438304
learn 0.43375036065773287 0.7156521862996335 0.23578698104035578 0.020941524991006766 0.6251712768972806 0.39180597696956043 0.9982636188637551 0.4432821711767204
handling 0.6637006796564725 0.5216157399122767 0.7747512042622302 0.05824232938919138 0.5545518928010191 0.3489461129797924 0.6075866881410258 0.773468859744022
copyright 0.8895846748139299 0.009127397564843598 0.9993544650425957 0.32163338734468505 0.7840511058481336 0.4169429909612119 0.6270012485581218 0.7312314416464767
straightforward 0.6837212817286193 0.28867460013417345 0.25816300951967575 0.6357978524718421 0.6292410349270513 0.7463307083352493 0.6157760109035285 0.41415734990305286
same 0.7212999218189803 0.15123355485823042 0.3257205657864426 0.3171436394702988 0.24312568814518676 0.07367607330811565 0.8446785095269792 0.8324030785040628
failures 0.09467695402290033 0.6959131868321398 0.1851876471581484 0.1040065640933967 0.23516829314307097 0.3650847353824255 0.7399341399382233 0.043556985926293534
prepared 0.6308744434309063 0.30052423510172876 0.7255439540212464 0.15010985543260436 0.8658602394613893 0.3074890140860216 0.28147098192025366 0.9291429840041127
existing 0.6033959464469469 0.7545595599061157 0.23918241052455524 0.11319220429597243 0.16617215770625093 0.3192774275886662 0.37197574787750565 0.777640810171661
autoscaling 0.9907432283371385 0.7719668320227134 0.34794531540398066 0.8796345403021832 0.5438947341713548 0.01608808092790781 0.9705320833913614 0.8081828392360466
specified 0.21716642432572741 0.028636952737394084 0.4720542923522143 0.40264369516350196 0.9067357482278575 0.9263215984554942 0.22006363793645 0.7550043827781107
more 0.009452774947042664 0.19222820754337633 0.6828701812922036 0.3065988974761692 0.7516354770536506 0.3420381452119807 0.215236952335208 0.5910374351625043
load 0.36018776367109917 0.9206848151617187 0.7515766791001226 0.9802558148595945 0.26725929561246997 0.762481205634651 0.900731198130328 0.5794551665454197
ensemble 0.9400590816292933 0.6811886131253179 0.476111817882809 0.49155459379146915 0.740582086604112 0.596966915858753 0.9331781275656793 0.2330587916989032
standalone 0.8015502948940089 0.4593088472112663 0.38354470824534215 0.22695090024409537 0.872825702981352 0.3830388437248543 0.9418981312980946 0.3359999582456059
sagemakervariantinvocationsperinstance 0.84174939461517 0.9592219790962879 0.678439368904511 0.9298209060608412 0.08194360991100014 0.772594894713374 0.14589976454157483 0.7987826663289679
trees 0.6530338159988938 0.20234077964022845 0.6484234122531268 0.34929634203931326 0.29380195045989876 0.3666303305626427 0.4889476431633546 0.663012305417243
simple 0.9292422117736964 0.5933417286616213 0.6640732702371487 0.5314598331670929 0.07399126290890723 0.09888530995949729 0.25243031341285815 0.5507199043992962
higher 0.3210896844141228 0.9986649504447449 0.03347196221599347 0.9531964788128268 0.6569428074289712 0.49633435929578207 0.7930208878371146 0.5134213703705346
aggressively 0.9437990517104207 0.9238595004815006 0.8137236602066552 0.8451609205273988 0.514189598827238 0.39993889250389625 0.948476256257114 0.03419951206549798
transform 0.004240364301675403 0.05125482879493448 0.6391826337138066 0.812350170761133 0.5089562700427068 0.2709143411058236 0.4140601434383331 0.06484285734651896
based 0.7838939529660349 0.5235061682938779 0.5075044954601292 0.5402070615645183 0.08272484089877086 0.2293687548053499 0.5038869792549953 0.433729602596545
length 0.9749495426360884 0.27202161048425 0.7094589337151881 0.042709468369171444 0.6219510461288092 0.45510891273508847 0.4476583478375403 0.09545978812929201
server 0.6851146234451114 0.21201863208868799 0.0056197768749393084 0.3666942309899085 0.6909430018065941 0.017186473873213703 0.537147681609462 0.5819457741912635
many 0.3434689262436563 0.09138559541563185 0.6557564479254059 0.44466478954872246 0.4533446667021539 0.0634317083613648 0.854402210212322 0.31295575124142194
performs 0.21637992151488128 0.6561579989249163 0.7430207621360494 0.020285535947209166 0.8563631576799785 0.1645680676637492 0.7165604444405403 0.749858975501652
forecast 0.27330709258627983 0.4449224947390541 0.9298712570770336 0.0711437139103358 0.10046819793138773 0.32919136233620483 0.9552602761150653 0.4511857356768907
boosting 0.4202289685882572 0.9941427480087167 0.4045332772426905 0.5345997908711843 0.7301450123143012 0.0508667799115603 0.29248576015726113 0.8301467478213991
not 0.6432197006389148 0.07135859148562596 0.003437104519851353 0.4212076897304331 0.8881502943442701 0.5233358969166975 0.9142298845001708 0.22970579290421866
useful 0.1799966304662466 0.03488354103073188 0.7123606954489008 0.6354929626584539 0.6412991632907068 0.1407550100821805 0.9075850014589648 0.8428014788082667
predictive 0.3525130053197608 0.14297862742750334 0.17361813788611347 0.8706628713960005 0.30345833306868397 0.7039319690769386 0.3699093025896778 0.752864297418669
dimension 0.47336724542248587 0.8153220883711612 0.5478796158520228 0.014319773458462692 0.846961680451746 0.5656322785102973 0.5281144167681322 0.34747743954322174
classification 0.6118415120778343 0.5307914526074065 0.5961693811595311 0.20825270468975943 0.9800384756782013 0.5203276807014245 0.40696958126754645 0.41375763839233837
and 0.613990243790149 0.22875493902618815 0.48153730929792027 0.1966762934620674 0.8741405156747457 0.6200431980505281 0.3161360428385066 0.2645329681718278
lambda 0.03389492261638849 0.7752758003149031 0.41091924554824066 0.8808639424198207 0.40615815569884817 0.019289691730925873 0.9478664596103828 0.744068726808096
specify 0.3475105009675188 0.23822645401250042 0.8435414561071599 0.1520292422944165 0.664697528894208 0.3151884403305151 0.11828580982541903 0.48367810916749965
does 0.09377691426831658 0.17281264522420525 0.448259482293929 0.26743469229678174 0.6659601556039653 0.8413591589478399 0.2509578563120315 0.48253070387113195
datasets 0.39677444083805635 0.8288790071139368 0.47054442325111023 0.8356827187531183 0.8862463378067361 0.14828919888650238 0.11306714141445628 0.6779490646455869
from 0.8012266642872315 0.014578478522724425 0.22877868095815002 0.5158814600535183 0.004579862511708277 0.7560432842263457 0.8223826677860484 0.37650197270786545
instance 0.4968156719682826 0.8679307324677078 0.6706672641821805 0.09160589179714251 0.12636591236819372 0.454844844062516 0.9347920823242756 0.27831094899350806
replace 0.2991372841190817 0.4370014578488165 0.40013675615894395 0.39277979821544473 0.1573456047928523 0.5847971109173478 0.7397933776456533 0.75647137990719
failure 0.8341960007442533 0.13540220411736248 0.8664725943110569 0.4202818382277915 0.7424806563999256 0.33530898826618105 0.3029300016721105 0.7649401504754666
workload 0.2867467427191487 0.29389819875691914 0.1390660862355152 0.7334217421100395 0.5370185713245718 0.3958978071837096 0.5958582258810716 0.2838510649145367
create 0.48583451407456557 0.4870563390864239 0.23252572441912667 0.4010993916112783 0.02617332514401116 0.9062618882220068 0.9732117183981575 0.8490872140006355
upper 0.1454124837884997 0.8608780550507782 0.8599000668265644 0.7148665393470597 0.9559470566371979 0.24491883111084967 0.9436157161330015 0.699021433803789
factor 0.7107429158832582 0.3410574795677368 0.6498999254085508 0.08708689371669964 0.6266021621079769 0.3356183422988196 0.3041026305066481 0.203638982932963
performance 0.5885269380303217 0.41026015449438313 0.19075146867027948 0.6792156728954353 0.5357680685324153 0.13237884366257124 0.8627070957960871 0.24790196423174626
numeric 0.3302017270708777 0.3522102742415435 0.680840275811177 0.4962848263392128 0.6732378812378337 0.10133399969227841 0.44660165564781606 0.3666614049641861
dataset 0.6160951594240048 0.711417190953861 0.4527315458071369 0.32941567764326185 0.328372852819272 0.8408380656052512 0.24678689830327105 0.020825544166427568
old 0.884703729520672 0.235721518523608 0.17222501046177285 0.3712509464661906 0.5643775260279813 0.9193655868844677 0.8753690902101906 0.3900998204040258
capacity 0.40239390822706034 0.8150307110398674 0.6116315763481385 0.2124569830406554 0.34152107808669063 0.7340383216153676 0.813843229010885 0.24065103583356517
technique 0.5089239615911786 0.19118924777164625 0.42205389337637456 0.8646231216155703 0.7366006759079886 0.7971133168067823 0.6189037523229106 0.5181616035981661
tone 0.5254976984163586 0.2903514897621555 0.9798436743732913 0.44113678411338075 0.2687874840114124 0.4327474154186176 0.666511976138729 0.7249772764357528
you 0.9572821592240809 0.42259186922171654 0.7040637072210191 0.35122712580406856 0.016200148282560778 0.8673384440366602 0.9943748197435764 0.4147296504642217
predicted 0.9649331508973353 0.7649836578009712 0.5408494709350204 0.2548930149346542 0.13302224875523838 0.9219927092948369 0.3657456362382213 0.6054516503303821
that 0.23177796923132976 0.23867694445317722 0.016767682107061588 0.04836508284828078 0.580913985847853 0.5933421930605537 0.07808412734372494 0.6022231203289118
client 0.2622935094324236 0.27959987690073485 0.23041978043025468 0.4248232034251844 0.31463899198994305 0.8217336170862907 0.5526053835076357 0.9436964165580081
unseen 0.07566654730126798 0.8713586937527333 0.40391522151929526 0.7006296063981773 0.8901577269170424 0.18841318140181462 0.7939922255555149 0.11940590279378405
rentals 0.15773394214960845 0.5559939955783484 0.976165428622248 0.7831566541486729 0.62015605877969 0.8197711082304876 0.34573223042083945 0.1449599630713344
bias 0.5246217591100506 0.6347320147343225 0.4870399869693589 0.09459463302314852 0.8077273140621956 0.9514728463778445 0.0509626174985921 0.8638025178250734
similar 0.20593355361601373 0.13568894133549658 0.18728071854776351 0.8739816929344068 0.06617844882792856 0.05473602619335238 0.0493960006854961 0.6250997964513961
used 0.045841811220336814 0.4667220494847697 0.8001328877430512 0.6402502498366016 0.1861982344391453 0.5813107507860161 0.7958394855760185 0.8464740014700618
complex 0.6893891021803511 0.483915755386809 0.26631338484610745 0.1258739753019703 0.6007511523100708 0.45101777854603353 0.4257541177673885 0.15199217342324622
feature 0.886257580546486 0.4007398947637614 0.46951777171086373 0.5627679622064432 0.3611597297131771 0.8617054053525525 0.05439146870329159 0.963494099570765
methods 0.5769190645168042 0.24221922741619573 0.7211165941987757 0.0980921910865099 0.988233837710805 0.26257035591245803 0.8566556966456215 0.6958006920883856
failed 0.4173196136738996 0.8377206656551148 0.7321132307314826 0.7695670306292821 0.9369182828117557 0.7094177284662242 0.805156098406043 0.5230970825629223
specific 0.7554585510786603 0.6175227194955089 0.8398370846689318 0.7592003690070731 0.9873296576984684 0.3915596813200555 0.07419380707380452 0.5723649615210243
good 0.9245257051428057 0.6798862719625635 0.2831673462504344 0.7251600198435536 0.6991942991443679 0.140727207961712 0.3907788541013729 0.03347852240663707
map 0.7008868080265681 0.6907309102854013 0.8217885543633101 0.8358988100777167 0.33425791895067314 0.06623021218154013 0.15237177108826538 0.5956357349267458
hyper 0.8487148566875317 0.7495188072205883 0.09079816972679 0.9186562014173392 0.3963144662985525 0.9558582338819818 0.1547215695244225 0.30014041240321054
decision 0.872250463761637 0.690112932108028 0.7049900859101772 0.4493021161842208 0.023057277910819796 0.41703468588743997 0.8480302305042544 0.9218937219266518
well 0.46854873916260287 0.5169754788560926 0.20694961947923662 0.6892464888499006 0.024179552017059458 0.28651083309322034 0.05746385377092089 0.23876386210898604
must 0.3068625683702101 0.09449616856740406 0.27695907117314356 0.7189863593815947 0.584104438220404 0.10919488912300446 0.4381081990164005 0.9532467385854088
needs 0.27471117119815225 0.8011612518823664 0.4064310074583085 0.5674415796527723 0.39406409676003884 0.41724772929950527 0.5415094138488036 0.8830749466103465
categorical 0.31171800166125285 0.6605096522329387 0.1129383332528342 0.7214467972298422 0.8500414983445845 0.4172576519041812 0.41675844172515986 0.7759147551786527
validation 0.9266962064141878 0.3170604013539884 0.3655115021583303 0.8962998203319433 0.7113824429778393 0.21378128792375772 0.9886636349908379 0.5271109431015234
fewer 0.5941297739428333 0.11666313651964 0.6759179750957317 0.7216037807655701 0.9190282895235623 0.7025609479249463 0.5110651265893396 0.31698271224839203
content 0.08728398560661321 0.5398599295037264 0.7338758349928973 0.8360967989512973 0.8522981619207645 0.8233029992366874 0.5781844213685561 0.5557712358035767
larger 0.7498698302996563 0.3474794898455783 0.18451972640962122 0.33152595237631777 0.11317524355300479 0.5223032602631157 0.3895937045081834 0.18624795876437872
balanced 0.6105927171959917 0.027324196617356522 0.473612573821652 0.8998637682866558 0.3060900433484971 0.16182806779498193 0.9949851266763701 0.25012230640171174
smaller 0.421087093565931 0.8353566766996796 0.3047689406966755 0.003493730595657052 0.4779922047188394 0.06915542102277883 0.9258966200058021 0.5939282845939272
reduces 0.6115613814899289 0.6528985057716049 0.8384123694138234 0.26277651288455206 0.7053337268592098 0.23878829757780784 0.3004721734579381 0.7566658860183982
predict 0.1340981294335074 0.17332300810149837 0.42081269664189513 0.7796270930460862 0.8304412021522747 0.9406791616824183 0.05759912866040218 0.2020351210491349
easy 0.6009376932641922 0.8813816133405336 0.6178389322030104 0.7412318870417033 0.4736046133785162 0.6103738596339431 0.38052025549228785 0.52560871259851
learning 0.3234219508024937 0.9237827747046814 0.6018490036107228 0.5721584460984356 0.5498869828259778 0.9062223756113578 0.6390386923575649 0.3087202530672013
second 0.3689944527956259 0.039237791218198814 0.58201117736286 0.19007182841281134 0.5287102852392616 0.09728175764312785 0.4948889389644615 0.946276718917319
locally 0.7213275006441453 0.6533479044659136 0.6081830508663745 0.9874514780421472 0.7051775847290536 0.02752824441674173 0.6871221674616814 0.2456824877178202
which 0.382541564243423 0.6620814879986437 0.760674455176057 0.4100344183826521 0.07222693780672118 0.9483672510820046 0.1313249561394162 0.0988981723062492
inverse 0.19339276937841066 0.31516165067559465 0.7413950964423084 0.7576546621026493 0.4821382137973135 0.5021643912942243 0.21788595072778383 0.24649231677588646
this 0.0890338023207995 0.10648991395693574 0.9141825489005165 0.03942692267017367 0.7595225534706123 0.13228446498791901 0.3441037959064327 0.9367048119045872
availability 0.4469611846242174 0.8802462014526118 0.504879441230788 0.38391208718660585 0.19067596245881857 0.46245944514133885 0.1496449116098688 0.45384920173015075
mcnally 0.9321124237358979 0.6674545171216293 0.9764033897126175 0.9434596493549433 0.44547257131173534 0.6791969087897453 0.5661031777682775 0.28996349887924133
handles 0.5018383088503505 0.9499662115313255 0.6374122672952984 0.4754777898089936 0.8531963217506464 0.5533565779532045 0.2575450085456882 0.09156152261723272
reduce 0.22788588296432066 0.53953318809995 0.5481385104913017 0.26708838395570844 0.2243048567753081 0.47717168504709906 0.5869958380541559 0.7264095475930432
eliminates 0.6663759705759422 0.46907040226394225 0.17735362688138856 0.9229044718987509 0.512096766907789 0.3496371198685234 0.6543266705824027 0.6765886084738376
binary 0.36448739636044925 0.32588007045305456 0.7185621917363388 0.5017715391337852 0.1518199309430236 0.3385978727328437 0.2538949552261228 0.284498887798482
total 0.8799473684545535 0.073927352439765 0.643702711334688 0.9494284783944813 0.15773602598354608 0.39289932802043426 0.2874610772651931 0.9071225870691451
launched 0.549104453770879 0.7294939659577356 0.6491830284157342 0.1271873776371747 0.3594649675399725 0.5984756152564411 0.7132119039617314 0.9534923295142769
by 0.7480807707661163 0.9321018499888053 0.5444169178293522 0.7079486421443202 0.13832164233157884 0.7053463785768994 0.7842972883657517 0.7507383100590285
sklearn 0.7186220798418127 0.7897724748146897 0.9835599795983028 0.9773415801593881 0.16554126628329513 0.3970543867581794 0.7665633630214087 0.06195380811884044
overdependence 0.5958116956792658 0.08390575749913076 0.033156732423537005 0.8538075122806452 0.0933488384410136 0.589922067469354 0.8689854599367095 0.24399764682378522
are 0.3731617271687604 0.7147987291516228 0.8741564370339685 0.6446539872977014 0.6806522809130695 0.5387776869855168 0.9676595535142765 0.4907329230865243
when 0.40300580343991754 0.6893629485678976 0.9863016170953238 0.32203321276929986 0.2848649113306977 0.3972005343011692 0.5271394043987097 0.14249203652430542
maintain 0.6356370407718205 0.7893471521393165 0.004205890337569573 0.9101134535975363 0.6629093293051873 0.9109058679297831 0.5067954124844846 0.4433874865917815
integers 0.841839676265023 0.6989268035211648 0.2525529270487994 0.9428931302884342 0.8352698715142288 0.29855729405421383 0.9954525983504677 0.7728827944353955
photo 0.697526669152998 0.04721783200056895 0.8734085222833148 0.515885307525646 0.9753292842441288 0.6380464561905218 0.2105117052291956 0.7177256554570667
exp 0.8589593289001443 0.548279838029344 0.4529520099504962 0.9536529300321183 0.6280776873339203 0.05022517832449824 0.7487443856632874 0.05201884233116638
using 0.8057321221250618 0.7016160376623655 0.6290106649395628 0.46775011295815905 0.006172910344127036 0.6221159138968452 0.4678339906810136 0.994509796941762
gps 0.20267218236854945 0.43820321773607296 0.5226641426619154 0.7114755481902766 0.5181334968051966 0.5802953018581156 0.15254697512699034 0.5753031947178947
model 0.8599061207242806 0.7308836709033792 0.2430364509424393 0.34759369629154546 0.7388546790931343 0.09647587243721634 0.9378318226446201 0.8641793353849221
per 0.7712069649949145 0.025691432236576217 0.6193233878098129 0.5145598875620913 0.06620035290010062 0.678623055408597 0.6214152864159516 0.7321679379572371
much 0.3395769208932682 0.4090566916056918 0.7395251825850214 0.8729052073602181 0.2940124143171209 0.8643565057278925 0.4882947032581967 0.8293360889629535
handle 0.9621805377362358 0.9973914643687143 0.5052590322011179 0.0838799839629063 0.2055312284705827 0.7817237550424736 0.6062780697617156 0.2325035304926869
max 0.3528099762631526 0.9587210127350917 0.22967923280392932 0.7914291276791975 0.9716553953231944 0.8176359557145854 0.9744553255919252 0.6243402757147938
strategies 0.33886328979750446 0.3498547846137675 0.013274502401291355 0.0012478069083902144 0.6924201679986098 0.11744991233623514 0.13067860595737835 0.6698333621943394
between 0.06874628662266502 0.8811525452871467 0.650162704484452 0.7642659407246355 0.7683166111837318 0.07989009735915975 0.5362505980309428 0.519836464736731
predicting 0.570617651058541 0.14669651418342677 0.5152267596748331 0.5410843560994896 0.8539961882617314 0.0585308884486625 0.9071211300777506 0.03191577532743883
make 0.12700905359137904 0.7661134291862628 0.8596366095526397 0.46564637689837474 0.6092464988849884 0.22155370373609018 0.48719216812307287 0.7141829082596673
smoothen 0.9670817970892777 0.13158597480699263 0.12221262139721978 0.08329266028551185 0.5214916897852412 0.9289204785685964 0.5319472040805372 0.12068581896888175
errors 0.4979147190209592 0.0900394887346222 0.7835654438908493 0.7700107470649669 0.7926565172228738 0.08392050106537174 0.15268640062156247 0.055819448874263045
rental 0.9929302310660831 0.10186964620687744 0.8258090402665998 0.0764296520152914 0.6232423321244147 0.15921001824168501 0.15763537820574847 0.37795915716073747
xgbregressor 0.7373033090066213 0.026634134100441464 0.07363934365922586 0.04725870938084453 0.2872310204485703 0.7381886794511567 0.7468484855945922 0.5335379752971815
accuracy 0.5430182902615265 0.9846620122691654 0.7020616675936693 0.04095581994127373 0.4875895495816256 0.6341821083825264 0.15522144335771926 0.6619734176932388
tuning 0.2580746161247559 0.05247745756217892 0.7276811127878285 0.9916427356748008 0.9253670082622627 0.5985379779972072 0.6512819108647345 0.6378586146067527
an 0.5260957518810092 0.9634789807261016 0.03618940025945461 0.8324773455962892 0.7234207338682708 0.24910127461978804 0.812295916585851 0.9587977412519605
brings 0.5227560884898177 0.3657687935671552 0.4437124850239238 0.037317750909477976 0.40526754985070346 0.11531053933921454 0.31164703367658 0.1830667833664038
llc 0.06745346799513674 0.09351688584344175 0.14923806857656807 0.43914530607633995 0.0833297589854396 0.004382006350923118 0.12388011990504932 0.4554642849200434
safety 0.08426643064846129 0.18166249318808347 0.7333677182427601 0.3240259129310994 0.6573315210261179 0.8668525177194848 0.3588496562199359 0.7704971421902058
hyperparameter 0.4679978497521251 0.22904347342420195 0.6539838558015958 0.017076537529270297 0.855633226936821 0.38937503992001443 0.263309903143512 0.6626556672098329
equally 0.0676060229316412 0.8779263860318804 0.601812678573846 0.256041554122579 0.06985765605608663 0.05856407223320892 0.017606332818994486 0.8425878783379019
increase 0.6092016971191957 0.7627354975286555 0.6139899275545138 0.4905833827109055 0.7979205068969667 0.8915232187544412 0.41775735375608725 0.37595936337963587
observations 0.4922845131468886 0.9868891464756504 0.22661404591080359 0.5259981000497606 0.36111657060191826 0.7315535802765261 0.5251582004992333 0.08722268787130405
endpoint 0.266237655900165 0.10435830215566877 0.4902450562168936 0.4454756383950508 0.40565353215555167 0.9699506888308468 0.9709754062717598 0.4339223649736912
to 0.23873883797575401 0.30976181757300025 0.1323440759248985 0.8996168441727145 0.6235966562845042 0.022226819330830927 0.4229210243388528 0.7413817224570733
difficulty 0.4800584521628477 0.11103286386760014 0.12049958951771833 0.3708853831352159 0.8952558784985902 0.666980099906652 0.29370118895065145 0.2971682742632158
important 0.7592996110979107 0.3865572195597091 0.7852679121429049 0.8501408932871102 0.6583997283301427 0.17405383972833477 0.35879110091227184 0.9988142372483462
variance 0.8136902795483233 0.3321700237525237 0.3587657394788798 0.17723563560390132 0.13599996981316664 0.12193607443165155 0.94902750789644 0.4880759606074375
additional 0.19441237975436831 0.02369573480300169 0.023096159039888264 0.7285072286678741 0.9955303847277218 0.5758915400736098 0.262483374424466 0.25035752437933356
missing 0.45148702860886725 0.4535933818873401 0.37363811689531223 0.2942706001075086 0.5476623837262883 0.13004334523140315 0.8302330221084281 0.18644265422259376
scaling 0.5863876981582863 0.8641534098865474 0.17215669021876623 0.47809309863514304 0.7636102068530631 0.7555093874369216 0.8410974625997776 0.36762650246725237
going 0.8402451924309419 0.6468761703259905 0.1949593382008279 0.7828516856704598 0.6731315388303101 0.9224112652758847 0.6298567454745313 0.36529358023745195
all 0.130345563129592 0.19960320293282696 0.5632125338272405 0.6644876152686046 0.6012405472068743 0.5196583185228371 0.48091645974576114 0.014820128054173098
difference 0.7179939972002696 0.7619766722721171 0.28135757544356077 0.08298926841345988 0.49046536341625935 0.9766162929551405 0.3607257160698244 0.5106466185644821
parameter 0.9660603003986258 0.3312351947624187 0.7123062560921491 0.8740717551259138 0.850280367580068 0.607756349093667 0.316220326303403 0.829100309847323
machine 0.036263102022990545 0.6970486537048523 0.8974135130829312 0.8951759455968616 0.6200100657082374 0.43292133982462144 0.6814308775301342 0.751013414793729
need 0.86018620183433 0.2370739603899571 0.7873798774922821 0.3654140764026371 0.757324254145771 0.7388614923910825 0.8965679754412923 0.38404666973943014
version 0.48554375492843427 0.48190579519873766 0.07051463068744823 0.7532665694426268 0.8036382554455775 0.8198434370412556 0.13735051151086297 0.519550931648277
watch 0.9109823330103337 0.8602657695917849 0.8227142640272579 0.8495393313622484 0.4317016552263978 0.2643521965801151 0.5490632264085752 0.8520254301191809
hosting 0.303811274064291 0.27403601412795553 0.7107958638126924 0.6630377306433729 0.5141110131526453 0.1482601482159096 0.32159911945786146 0.1957588933512885
chandra 0.5795247964175613 0.4228801292806801 0.6652879767688649 0.9436585013863447 0.9447961701695172 0.7189128197097241 0.10888822090830774 0.9040404776259835
xgboost 0.6967786177282044 0.7289484674078051 0.9062440911814436 0.5719646741478989 0.7070253296884499 0.4200368804116904 0.6783375234951443 0.6732748023120829
models 0.7402010842186012 0.852662068942767 0.9964901360989978 0.7950537648909988 0.8174505015070705 0.45461435562566055 0.8800233660247571 0.2533816741935734
their 0.8227875941066718 0.6479913479325823 0.524180535708147 0.730761401542622 0.9259973556630451 0.27874360190878034 0.9405394657271927 0.08474081546814582
documentation 0.28963858083396454 0.3428092088340987 0.6743602610172398 0.25930791212796944 0.9061881193173268 0.33045540954565233 0.6749807120860903 0.08626423883683731
order 0.10323909717734447 0.10354480616545814 0.2005897596692997 0.39425851722160743 0.8182483353827841 0.5100248170799155 0.8833685119381243 0.16589720956231713
variants 0.35793176248412417 0.24873004710730962 0.9111835446532347 0.5612834798926013 0.8157887000547549 0.42718594955338574 0.5074103312238096 0.6460901440992194
silently 0.09874137738335942 0.415339088188716 0.9969374700606519 0.8470196329298141 0.4649405267756431 0.8439311163688462 0.3418073352890094 0.6855512367064112
iterations 0.07063501579994913 0.24126361319190726 0.945368380858247 0.5512741419781281 0.3270893220661675 0.12795032986884525 0.3914989270062732 0.14552285321891612
actions 0.8251564118977337 0.6602591815593253 0.30015138067305125 0.2480964518875719 0.6434429875669233 0.1534580000600385 0.15323879660408868 0.7572684209690932
instances 0.8863729041037932 0.3726628172927047 0.8521318373540211 0.6366739958191198 0.22410750403934632 0.5945824718412093 0.4597745983147081 0.8375887839084305
single 0.7753298471722434 0.8695526814151574 0.4598729417516897 0.989995274669 0.14867945069006328 0.4360356873600033 0.5098244224199154 0.3598019122895406
hourly 0.01192573886527104 0.6398935539332072 0.7830123589166856 0.57872822229884 0.2624432159285466 0.14847566416688573 0.17681623477537578 0.1853580506183955
error 0.6955071096275939 0.35189544448391596 0.9479407931020316 0.5502300001942925 0.5593399639514341 0.05782502613456464 0.060461807699019876 0.37577513639058446
positive 0.35226236233849195 0.5558263104007134 0.09091785693338683 0.7435978474814242 0.7764389244802233 0.8189035892387528 0.04254031044945472 0.04001908665362641
requests 0.1910004926253014 0.4941859963417442 0.0786902071658453 0.10072798078841139 0.444161331259309 0.5552666164818589 0.05851417185713459 0.31540637599529064
treats 0.6000673991401181 0.5511216220816187 0.8155324942530363 0.21349308470449524 0.7241378029848632 0.9802742964810319 0.020695123607643584 0.4557784289844382
servers 0.603846756819243 0.04928041178192033 0.5841047783290255 0.1511447813505995 0.9299648081279349 0.0982000335443729 0.5850538476128068 0.8064694234333615
correct 0.32662611945186504 0.9001308070914482 0.39112872590850123 0.021035053687876615 0.9002959777091685 0.3398892302340043 0.28950728126095593 0.9075234302231902
large 0.9701941403716456 0.6114139427765264 0.4133196927332319 0.545083144297979 0.9616452626992859 0.8920346723009451 0.855358517022134 0.3383538743915875
alexander 0.4016231810808337 0.4403262559228909 0.12233380634524771 0.043946840692330236 0.42424705712360244 0.5298685679368178 0.26413163200728484 0.04469558120817241
round 0.08671945059230468 0.6327716316250203 0.39275998091580755 0.003236040226085035 0.29883714755508095 0.8743143685127178 0.8351817215462445 0.3379483252275348
healthy 0.7412835728638693 0.14176143917779938 0.09064017809621583 0.705974600851518 0.7140525018643419 0.524138788873631 0.2815366920302763 0.7238600072416936
but 0.5056474654959219 0.22385306082742495 0.982434986398422 0.7606156600987918 0.8107342288835861 0.03889960135650139 0.6766679684796739 0.13554724314940458
ihler 0.10609064118379463 0.30336778424849176 0.19851546337946435 0.2992338020536667 0.5744033515413516 0.13625708924955238 0.07065056157791283 0.2358908689157807
metric 0.2839279374601107 0.556385650540932 0.5304161308149421 0.10364407945024401 0.28683506656065383 0.25413757142501836 0.6684417264705343 0.09193646693830271
sagemaker 0.29826184121833277 0.8967566220939092 0.4639834613137308 0.7657062600942535 0.29930990213024766 0.6149173729020794 0.4871059692269104 0.7118756798037652
type 0.5816726971597314 0.5630624916666087 0.8865639245950035 0.08699972291467539 0.6123018446297588 0.08803307172446939 0.055039832600143335 0.8877684522245666
average 0.23574691108327506 0.4256639863532238 0.5842915360302635 0.7697901806760254 0.5337261103560021 0.3622816597265681 0.7309837130555258 0.3764743385706487
zero 0.7664735771012108 0.017143537105035467 0.3057346314835143 0.17157028084239823 0.1682919009042011 0.28161857642298826 0.5626773119745473 0.7423227298473983
number 0.3762550058312555 0.9040403848714476 0.42294364839337417 0.9388131593718482 0.7983399377683427 0.7997529630603083 0.10951129457559983 0.05943274831403689
target 0.04809716430016542 0.6122225276558669 0.011152905393748247 0.32643010296069663 0.78262362630553 0.8043880804973886 0.9188678410505997 0.31930485832953537
cloudwatch 0.8475806675824005 0.19334124002993613 0.4885785916332288 0.8969383304005815 0.9095864109702635 0.6588535140713739 0.7857529489637745 0.6289905072890859
simply 0.7970786001203568 0.8929963717528617 0.19446141674663464 0.9486213734037693 0.524518185428268 0.9427345856234981 0.4165827005772411 0.07535535477947186
optimization 0.21104625376944353 0.19244513733671564 0.4800928613973485 0.5197603142126097 0.0785092608375959 0.6586552345700649 0.6889826713857103 0.25623283068988023
sure 0.21773874298508467 0.4893050523256499 0.10516800582016972 0.804186540975817 0.1724164740540861 0.9113436561565683 0.7902426217885192 0.3072465911755452
upload 0.2722895172782417 0.9606853948813975 0.06376831563416951 0.6610529464839331 0.1896162045138 0.6135335604572851 0.9202174884157197 0.6641525271246141
seasonality 0.1963186834914803 0.45756309718872756 0.18323712639010392 0.21628386531575072 0.1776108903166289 0.6250835258439541 0.7219898597835884 0.4974107317458619
regularization 0.5264319996055234 0.5171640071727223 0.5742276907286399 0.7167901822383504 0.5481036442572689 0.7875363556690479 0.4003393807472835 0.9284895562232992
service 0.2970442708451668 0.025575439590238558 0.5157623789114091 0.09101467945136277 0.8183191003340514 0.7812355764858989 0.30144765210543834 0.06300953219449767
as 0.2441125443032527 0.4638909470317214 0.9229688003133932 0.38261260764249205 0.19514303955623225 0.03677697359669807 0.012990061464583702 0.8452106394291213
credit 0.8084035044441632 0.6137616138068579 0.39587164468383274 0.48021542386535676 0.279432890754288 0.9128776888639706 0.7902685466814469 0.13887111667549323
exhaustive 0.35859654065874014 0.447089931371187 0.23109581849775396 0.6198775473341158 0.7139137759714416 0.3686744957033421 0.7671718107533557 0.3322988980392755
data 0.5165462515899526 0.37634134442229317 0.19416620289409925 0.7092686772944338 0.03617115574656349 0.9603193093229514 0.6266593978509629 0.31271096234795626
depending 0.6645164515937548 0.12781740740370806 0.6682248159724196 0.24005076991910912 0.5750611350411149 0.14396841823485362 0.4708529944664839 0.12633693790050793
in 0.8646312215985555 0.5123024839746673 0.8864435604413164 0.8812081241614295 0.6151648452629398 0.6283939643940019 0.5027843760066945 0.19411737648549687
records 0.3037362363546843 0.9219698250221532 0.060269944587794444 0.3913109076281618 0.8638654240713756 0.7630592737287303 0.40453637350941296 0.2865934047615927
paper 0.4679850918774171 0.3359244665441129 0.8469120752021756 0.9255117725139161 0.8936600632546771 0.5119938985431719 0.8444162669813077 0.8910311511800907
effect 0.032219353695692066 0.8848694479349721 0.8391564655283084 0.4033577367726111 0.8119140901616172 0.3401638152778056 0.8336911412821728 0.5999008473727145
values 0.03336243779319048 0.5592323341060199 0.725625576389082 0.12740008879108589 0.7876842697674152 0.8259334220001768 0.7769902269440023 0.770470687335259
cases 0.44702076040338257 0.7814775246302796 0.3810420768075762 0.07536288983794481 0.7274012914604623 0.4759601121642779 0.5886779197473176 0.2499267508655063
high 0.30899988779674625 0.16351744970326465 0.6929033273816313 0.998546388791416 0.3456834661090077 0.48303546416003496 0.1632036993667818 0.40636753774182843
across 0.7266006740897998 0.48980485657545314 0.29198673039494183 0.30463293594757546 0.8757642352969571 0.5710204129090858 0.00935692035464819 0.21237914082266962
medium 0.6997279006215757 0.4052246712046167 0.613853264097103 0.1937795023085006 0.16923275681089456 0.31012268815094557 0.7317750046685659 0.31344514453316985
selection 0.025676509562156724 0.8210981466077912 0.825919958365617 0.4843868483570365 0.9664733137484796 0.3017392874265711 0.23457207094941923 0.3367855992761718
az 0.9538816001353858 0.031455166191535655 0.9654233220243698 0.812379444150202 0.19562729573888782 0.11034456776369028 0.39424679576130495 0.9859563126835073
overview 0.24590967539054875 0.9014939762812672 0.24776957195424776 0.3716430305345967 0.38485386215875395 0.052891627533689256 0.9663007539558729 0.6746864462336163
regression 0.2331238731116979 0.3415972980410594 0.08191201173445262 0.05012849453747781 0.04749192019971038 0.14212891371978698 0.7371222554524012 0.817076887229364
wave 0.7756662320449855 0.623969367376463 0.634670358862059 0.6513133469771881 0.2831733041373671 0.9198311122726358 0.7273410750021441 0.912283560248947
overfitting 0.3143867825691038 0.9909732412662775 0.26478089957739426 0.6998541262629216 0.998818997959215 0.10806478242093753 0.17562291915735218 0.10934326195290567
decrease 0.9981323058203017 0.11004402210717035 0.20401475959473303 0.2266154983759232 0.7850507348440787 0.296510023814082 0.39165561078043665 0.24741294997552776
for 0.7731222284056349 0.25882660251094813 0.8827246077245631 0.47208217302587263 0.21836500656422464 0.8520275731920738 0.2256039967593143 0.14085233900645655
competition 0.637286957363637 0.8761523964949969 0.8666737013379555 0.3445162267280205 0.07341434956788673 0.4020305546611741 0.022158942008437932 0.766067636575785
often 0.6610632078157885 0.16598215031800667 0.05541063701024862 0.5849526980888227 0.16729751126938974 0.9524432923491413 0.9535989277654899 0.4485898880579837
addresses 0.2154466096679023 0.1282589220244834 0.7842938966232796 0.9131385216408026 0.7210482034411343 0.5156878405655844 0.19988592177852116 0.3852173559949552
of 0.001055423631396879 0.15923799344783574 0.4039012436257443 0.7684127970332213 0.23486957447260914 0.305793561884785 0.9376220482150511 0.834450316740586
longer 0.9301031304737806 0.10662482332581102 0.5112623494269505 0.56646109351023 0.43942568057763354 0.7230340678493306 0.7393304986383625 0.8151731166750404
case 0.2850384094247591 0.5908457838216847 0.687959482801275 0.8838158462918091 0.8937645684623633 0.736250318754728 0.7165428422244449 0.733343374739611
ignores 0.5402010998638184 0.20650251991750457 0.5019934542035345 0.6106551063548578 0.24300173426772842 0.24375565386702747 0.9049263634200154 0.6309139442021443
relationship 0.6082921849845366 0.6382693406292878 0.36324252446161276 0.4435789365904189 0.017910836438721822 0.5965095811749531 0.7882979572621934 0.2900106639522697
respective 0.4679188304656302 0.7333229375674953 0.8624742034073447 0.9356950410212788 0.9181572020139609 0.09831373811291633 0.8989716552226715 0.29189472248196846
crosses 0.9871842353066168 0.7647159434826565 0.44434587607198095 0.5484432995105406 0.15956373067546836 0.7874956647157519 0.17127193106496041 0.7580009061017984
the 0.796091036391518 0.6797395147414518 0.9958864346709213 0.08003975221122372 0.9403423921296697 0.8680443588962476 0.7035721167419621 0.9964448637057959
monitoring 0.5318981389662875 0.3261609654028069 0.08801623578657125 0.6004471940327661 0.33802039271889905 0.44939584025397517 0.4415050243356038 0.40631149931855814
rights 0.05610200730743242 0.4372621771143106 0.7581867545192212 0.9044174111238479 0.31867466762758 0.9977213064513224 0.8253349097469621 0.9142731077443331
invoke 0.12493435529160035 0.22648483061425684 0.9890831825713738 0.528073543575772 0.6140900148158773 0.7253711021619466 0.8053540390166851 0.7382193306579268
translates 0.638549755951756 0.9523619733628763 0.7159890419906685 0.14826934869663388 0.722221352317795 0.3543863841651824 0.9680739516569696 0.29210464220072674
can 0.17476159823094006 0.2257727035573247 0.24668242511269722 0.35173443622356393 0.14417556782516094 0.028260885294812077 0.15676977828850425 0.7279398609724655
biased 0.0017820834529648222 0.35125183319394304 0.5954295171308676 0.024927668745540643 0.46052277964474087 0.39002480286319285 0.15807414189127567 0.2123095471140396
interactive 0.7485113004124582 0.8608281376090435 0.7595679626926407 0.7890287969114235 0.7792710164657767 0.6541379640088474 0.5122615033613214 0.5458629604919645
underfitting 0.2083562759182246 0.2545960322057802 0.3150058216874587 0.08566442802561425 0.035098778426322474 0.9093798430745327 0.333477600849714 0.26894412889718966
connect 0.8702687491225425 0.3381606394693857 0.07490446905352877 0.6223860635404185 0.6741134020184987 0.4329501542809201 0.4576856646010924 0.14499620293258442
converges 0.21756164326194016 0.6580932534203772 0.10902716413998037 0.2667616203126867 0.33245891668361705 0.9016709853573325 0.9530616917399442 0.6155996004456752
gridsearch 0.854789475753029 0.12018263751166436 0.22660082157751382 0.6496026759861749 0.5889109879646003 0.9273056876573683 0.33222911943168987 0.4656927999178956
weight 0.4124224284828346 0.8509950418398168 0.6054557948912616 0.5436364582586972 0.33768836556594206 0.20710314123579032 0.9440782865072833 0.524110595071889
these 0.6855796052661474 0.09111938804562891 0.9767773050243528 0.30634588362732196 0.7376389080673 0.0708702072209405 0.013605563068113669 0.28681592265779754
influence 0.9168295918007485 0.9018199715415445 0.22185170138280552 0.26056819682503507 0.4350125880116802 0.1216411926432791 0.39437726038943666 0.6837913844593854
at 0.1718445886861849 0.018658380819596143 0.20317594120466198 0.7842851954829682 0.9369664901531786 0.9256808830845211 0.31850323897236665 0.34350137375177336
compare 0.3797200320325742 0.771415998283189 0.9315189837353476 0.5633752425722631 0.06349561836568463 0.05499234738424896 0.741199997287007 0.4287868622357711
rand 0.27416729125321426 0.7877714795226376 0.47222900676238144 0.3908014860445862 0.6807014758622761 0.6125940227486597 0.2944678415826395 0.39072013763051894
down 0.7566547929669419 0.6137716005337807 0.08743388151744635 0.31776208372836356 0.28987322061988996 0.15895417322006256 0.36830645736055856 0.42811913259147305
log 0.07740023394799023 0.9479533139483886 0.0586530923231795 0.5298365011681637 0.5603245876462237 0.5286429609030442 0.3872362641103968 0.9158000340592439
better 0.7943142467291531 0.03342232474738782 0.6166089641163753 0.9235517269619239 0.16811732588828543 0.2780550909564544 0.6468673734388513 0.8122700690110597
lower 0.7967922441441706 0.3566692686911843 0.34305515712701695 0.587987173045512 0.9303025217522259 0.096287020870645 0.26423648868117977 0.4669187397571223
material 0.8893659911012225 0.05602635646311671 0.26538775123973335 0.3770594306489137 0.9371760894261282 0.7668990107825927 0.17115061292104916 0.7126890594456298
multiclass 0.057105268707838164 0.4263629947010985 0.9814098870820184 0.12142610681714083 0.34383341757508035 0.9666303762114449 0.5338824126041374 0.6532373068375319
tree 0.4137435737928352 0.05537221445496876 0.9548592317833259 0.8817539433420011 0.8454195739659268 0.6802548324651992 0.6320183303560167 0.9365871311293894
use 0.6505770269948423 0.10316226864705613 0.9756703966329743 0.06453335666869209 0.8186154869869554 0.5829920403586465 0.9204661329798906 0.024063497582814897
measures 0.24723195947965337 0.7106478088470354 0.7912908245183535 0.33113673142737743 0.08621493506204292 0.9048493858364264 0.14915108199611082 0.22708006206329778
is 0.18533735496910442 0.31074072490420235 0.6964910032874622 0.371979859322659 0.885932249389235 0.2212459350678 0.8705659359775276 0.16987078820430923
it 0.5990731947168605 0.5138366321307196 0.49279079068585685 0.5692435456700168 0.7306411023715629 0.4109560110290087 0.2682208769329427 0.3699422529057699
bayesian 0.08863019924501214 0.24070222611861725 0.31525311841201964 0.4472048609691117 0.01942452454384136 0.9898682850841568 0.9545565525138396 0.503043990177276
point 0.01579003005941626 0.6223959906903077 0.3129833389308032 0.8923447044390689 0.5164043113485408 0.6762877003482448 0.4049271990496156 0.8287626857625253
videos 0.9263294306972523 0.9659015240255612 0.2195070834101951 0.4493184062983442 0.33233123854059454 0.2228573288402511 0.9761710074867759 0.651457387361303
objective 0.1932196900896811 0.9346392498893231 0.3689581091369063 0.18671609195817374 0.9592546171175167 0.01947654113798636 0.30216587497219116 0.1530153894831514
value 0.13990371873959317 0.38231347540040106 0.7930450164039134 0.6615614233528455 0.34226954110943597 0.7822806837559532 0.9775986864372793 0.1843399235816756
other 0.8840755568878681 0.19021817177395894 0.03442862911189348 0.7771622685468086 0.04183140041644462 0.23960741154890308 0.28328006130766936 0.4809404420910083
area 0.5957339852309986 0.5515522296582464 0.08211154032887924 0.9156058566344254 0.35231256323550864 0.6723307968524616 0.37853433446342233 0.2963157459701581
ugrashak 0.0005659394840747956 0.4837396412794144 0.5346570129920046 0.0185932485104634 0.3043349492365275 0.5063047839301522 0.26104690431072586 0.3203500830943318
training 0.9458209186898552 0.9002193110771929 0.2651467552484098 0.19883760983346865 0.34866778624561345 0.8798473253413278 0.33989625261020384 0.013436347908146296
match 0.7708677238576505 0.841975975823466 0.6014976248213645 0.04671644782790263 0.9565195255454841 0.8660081779488858 0.8061490849381392 0.9257322589406535
alpha 0.010898508452129696 0.0065154176345054715 0.47885879941550324 0.7913770257250796 0.21167934373291197 0.6562368561243849 0.20079455825988246 0.43284153455812213
security 0.2906899372535705 0.9909704800666754 0.49156106878402106 0.6615647849368618 0.657018637944496 0.49492721175162124 0.4921947232753455 0.669282070533934
surprisingly 0.9747309983009842 0.043317539952681394 0.8783864985631866 0.7481682697490439 0.39936511481953174 0.8839492802150393 0.4037568732166513 0.6973445319910018
poor 0.16108479140661502 0.6526345708260418 0.41890869852013846 0.6412037180532006 0.5858761558167748 0.21427424311028076 0.6593783424150609 0.26906107413649794
controls 0.21101818628529068 0.06657311565154844 0.1479771753384732 0.09917375604556833 0.980519260845108 0.029924343047041724 0.33838147489698733 0.32260454733164834
rounds 0.24263456233897784 0.13493302531628526 0.009446271963923558 0.7180550605608944 0.6410620820063232 0.2536342118353452 0.6135993169476843 0.24896689482175005
files 0.3135551854564431 0.3073968551785454 0.45877493620919907 0.5781168034480303 0.5068298213909682 0.4811140929371569 0.7453148246356176 0.7770947443167586
automatic 0.5158704526864474 0.5291417998838518 0.26638850685778526 0.404852192519925 0.9869396326974648 0.9382307053786565 0.8938796516447919 0.6861638344628027
random 0.311475558520131 0.2829713646267412 0.06884126322498896 0.5043021678569114 0.5555290919815736 0.9738524313343564 0.23637135280082233 0.4579025944181492
faster 0.05627160463406 0.12633046529487257 0.8300601114326084 0.16209221651422445 0.13252602473529518 0.8394553536747517 0.004406221148404055 0.27355634029677467
invocations 0.7502250208092629 0.23079276561171658 0.003549516942233044 0.6529134673711185 0.409176095823657 0.796818053681817 0.16720387633987854 0.6179966966816008
bound 0.9128447621674558 0.7335866573382298 0.2823433677232263 0.9585931650825072 0.32439662624998644 0.8558759721048051 0.5553583957342828 0.7908542176813311
depends 0.8969233507170503 0.6456580025378584 0.003545369581416824 0.9822983294085594 0.4984039825659541 0.9562381372764572 0.3096835093743687 0.10571903726356369
allows 0.24888383901210487 0.1580556608394006 0.9719206617158379 0.1677843031877051 0.4164252094241546 0.345967521753226 0.5024156124225497 0.3889284630561963
description 0.3883942181464741 0.7713111401148284 0.321532140545572 0.7584875875891122 0.31214306150092364 0.2331982653011373 0.31251850362090416 0.5009076379523488
gradient 0.6140548746604284 0.46947063277209944 0.5522410741211164 0.5411298969672105 0.20795744210112 0.6476380955217776 0.7281466916902096 0.6256934866559596
test 0.43522178770160036 0.5684559005073164 0.5921516718302188 0.6664148643236278 0.20385353810660833 0.20964929521827114 0.020449937413355435 0.08848457399927512
problems 0.8563199775230667 0.4039494869195537 0.018319236690274687 0.30911505452679133 0.8092563927566756 0.7684627502573206 0.4069552458879404 0.41063267105641554
minute 0.3070536399415513 0.9665044334435549 0.19814646939869052 0.09414124886221198 0.5003272805638531 0.3335227162937002 0.8708879072635081 0.8796683270771489
train 0.4750790589418489 0.43087593234094035 0.6485180652736664 0.7297907285006454 0.43759324535388855 0.9378133316126132 0.7571582482871264 0.5703948702112113
scale 0.43814189148529015 0.284951815063915 0.16724366063691143 0.4805770236333986 0.975373351083402 0.7814688307442965 0.2293794102763671 0.6042073656749126
configure 0.4926384390237888 0.9449420630656507 0.9336679560918283 0.6832393628030446 0.042426431324508074 0.01611560595100514 0.6296048228196728 0.34320074932265277
reality 0.568657074234883 0.030586599861781694 0.1721092217205611 0.6898509254415746 0.6384195519622116 0.011149113416607404 0.6118630875150817 0.45430049790097593
zone 0.22523118726495428 0.17733022496127815 0.24238635934847463 0.7776212340253033 0.44542399473915206 0.3248194162005723 0.7894212138486089 0.8234610070940198
relevant 0.24945507507006948 0.9023714790452483 0.0001144195272213544 0.5189391286152372 0.5576368046084044 0.6848993243034698 0.7797435450018134 0.3003638848811667
hyperparameters 0.19868069076297246 0.816423548481099 0.10590553427290472 0.283934367761039 0.30570894236986623 0.4770180949368692 0.26590931261045814 0.2714274756849524
combine 0.6010854293238281 0.6255724262034881 0.11153043611282487 0.4256653565013482 0.7619467346361067 0.12076269095065073 0.6071557248686663 0.5911054390434156
new 0.8755896836865145 0.6859896907727429 0.6740094740799806 0.34954670137519095 0.28142161057576176 0.8113484201451375 0.2639133830028768 0.12184554474254472
linear 0.4775929781109679 0.43969680537928346 0.4669899492019476 0.23176616540212425 0.9634024213345341 0.45476904927590056 0.5073051144306809 0.7885971565470482
combines 0.5734204629710751 0.11505400589384807 0.4255500862285031 0.028262273419385697 0.8954884724531456 0.3352782096893685 0.5178558767341127 0.02975400583482546
demand 0.5089008093459647 0.4653769852873808 0.7459377295401779 0.12571971744330868 0.6991061835498158 0.24567965673005943 0.450563210053485 0.6709141758682136
easily 0.1555312511759137 0.15801276614112503 0.8709043147672269 0.8855764415264124 0.27673907665324826 0.33242434697866674 0.389237376320807 0.8068533014099165
trip 0.9823308547367512 0.4232838895223612 0.5762673738729731 0.5933071523065632 0.5960048224129906 0.18159213026727816 0.7989373874385612 0.9443500284193342
how 0.28758489174766244 0.45602711030522425 0.793709545554184 0.07914120961831128 0.6126105570118285 0.24283317308578622 0.12224250452394558 0.18334472627001697
