AWS	-0.9265156,-1.3464527,0.4228804,-1.2150892,0.23467356,-1.1739879,-1.1328977,-0.9569106
SageMaker	0.8942615,0.08697183,0.2924964,1.8564955,-0.8140887,0.308488,-2.7474773,-0.29127607
-	-0.6032676,0.72738296,-0.44731286,-1.7306114,1.3114424,-1.1946638,0.21296307,0.16557318
XGBoost	1.7209147,1.4974864,-2.141597,-1.0548931,0.25898558,-0.53903204,-1.5543277,-0.5003988
Content	-0.4591349,-1.8567644,1.5774491,0.99881613,-0.16680738,0.06552183,-0.517853,0.77977276
Prepared	0.2672193,-1.3926088,1.2937882,-0.21334748,0.22253338,-1.2809529,0.5680039,-0.15373954
By	-1.3211113,0.58439374,-0.41956007,0.18616594,0.20121801,0.17336969,0.2390134,1.1850634
Chandra	-0.5838478,0.01788711,-1.4573143,1.7001628,0.083834134,-0.60530245,-0.88543195,-0.8558543
Lingam	-0.061444227,1.4965034,0.44612303,-0.34012264,-1.5999265,0.45022473,-1.9667965,0.42054033
Cloud	0.5733164,1.4991233,-1.4319009,-1.3794281,0.23836946,-0.9015035,0.24204557,-0.68201756
Wave	0.97837985,0.75265044,-0.012265625,0.633103,-0.98363346,0.90142363,0.62521905,0.6200588
LLC	1.172147,0.4593341,-0.49171957,0.4135258,1.9447751,0.5562868,-0.45507404,0.07869004
Copyright	0.25941887,0.20144777,-0.86993927,-0.55080366,-0.72650814,-0.08693921,1.3693702,-0.38237256
©	0.42141294,0.63751733,0.13690712,-0.33782843,-1.778826,-2.1018326,-0.78534263,-0.7262001
2019	-0.4815286,-1.6312383,0.49119583,-0.5309386,-2.7163775,0.5309148,0.972415,-0.25537124
Cloud	0.5733164,1.4991233,-1.4319009,-1.3794281,0.23836946,-0.9015035,0.24204557,-0.68201756
Wave	0.97837985,0.75265044,-0.012265625,0.633103,-0.98363346,0.90142363,0.62521905,0.6200588
LLC	1.172147,0.4593341,-0.49171957,0.4135258,1.9447751,0.5562868,-0.45507404,0.07869004
All	-1.421228,-1.3165259,-0.37613004,1.6868045,-0.9654002,-0.07528999,0.55023926,-0.27240455
Rights	-0.7113742,1.974852,-0.3780585,1.7990439,-0.4657634,0.75652206,1.6146047,-1.3264152
Reserved	0.46787503,-0.30013132,-0.90825766,0.23613262,0.5004424,1.8728013,0.055234533,-2.5435505
All	-1.421228,-1.3165259,-0.37613004,1.6868045,-0.9654002,-0.07528999,0.55023926,-0.27240455
other	1.356259,-1.4082316,1.4241494,-1.2396802,-0.64369994,0.37591034,-0.6114218,-0.64939547
registered	0.2997238,0.1362705,-0.5991773,-0.9575639,-0.45521212,0.5147355,0.29241458,-0.15949237
trademarks	1.1580302,-0.4051795,0.5438771,0.6147634,-0.6293867,0.47325873,-0.5362108,0.6792557
and/or	0.5606745,0.10266102,1.097959,-1.5953994,1.0921698,-0.9471006,0.6495398,2.1132581
copyright	0.9316733,0.62136316,-0.85818964,1.4090648,-0.15516205,-0.1174367,-1.481521,0.92069703
material	0.2991603,-0.11758339,-0.14282276,-0.41209063,-0.6127048,2.5062325,0.3383707,-0.9257785
are	0.041454773,0.27195808,0.44929126,-0.08667709,0.45965752,-0.2780005,0.6312975,0.5505109
of	-1.1543951,0.5323426,-0.72937834,-0.5781622,0.09573415,0.46352723,-0.7985465,-1.3955536
their	-0.32788843,0.30432963,-0.050361518,0.10403581,0.3945133,-1.3976147,1.2080597,2.0596454
respective	-0.2110355,2.0808592,0.8447109,-0.4865698,0.17621349,-1.5466983,-0.07785313,-0.39338475
owners	-1.675563,-0.17307791,-0.08428328,-0.4592508,1.3118885,-0.77489,0.60628694,-0.22323039
Algorithms	0.62131214,1.8929864,0.4315898,-0.2628838,-1.4230754,1.1713903,0.8027907,-0.30924398
Overview	-1.5259693,0.030253226,0.25165763,-1.2104702,-0.25550926,1.7198585,1.019262,1.4354627
Algorithm	1.5904406,-0.0906018,0.7019368,1.8190999,0.8160807,1.4596189,-0.33867085,0.27440092
Description	-1.5602969,0.34696856,-2.4872427,2.4183307,-0.9687199,0.888088,1.0689625,1.4554589
Linear	-1.3842772,-0.30851445,-0.15507986,0.55926543,2.4140186,-0.15924284,0.9258018,-1.9181634
Models	-0.49121788,0.89262545,-0.6808683,1.1049668,-1.1562428,1.0104005,1.0427979,0.03909844
+	-0.9332373,0.8636745,0.6289381,-0.29879388,-0.4652389,-1.3734646,0.045321852,-1.0413575
Simple	0.78029525,-1.1959801,-1.4591082,-0.15857577,-0.4291412,-1.6149088,-1.2732519,0.65241545
and	0.9394328,1.8381343,0.20330572,0.40107068,-0.0094795395,-0.00019930331,-1.3009421,-0.5101325
easy	0.88604385,-1.0095941,-1.0849328,1.5502237,0.67060685,-0.8097793,-1.1770606,-1.2097738
to	-0.31876087,-0.6160546,3.0769994,-1.1480231,0.23322646,-0.32492784,1.7030697,-0.9056865
understand	-0.30889478,0.39536908,0.47550973,-0.22893842,-1.2765903,-0.77798337,0.905015,-0.45535815
+	-0.9332373,0.8636745,0.6289381,-0.29879388,-0.4652389,-1.3734646,0.045321852,-1.0413575
Performs	1.1128837,-0.87142587,0.9391919,1.1400151,1.7466671,-1.0155264,2.304127,-0.9802421
surprisingly	-1.1052556,-0.49874696,0.06500091,0.8298979,0.8870863,-1.1536845,0.6216603,0.46943453
well	0.7196645,0.2632348,-0.65965307,1.2579855,0.7316763,0.13205184,-1.8988962,-1.252021
for	-0.086303964,-0.3658368,0.6136887,0.8804669,0.1478771,-0.15671529,-1.0283278,0.43290263
a	-1.6066637,0.0580928,1.1171691,0.39173314,-0.5625808,0.0313971,-0.25304902,-1.482868
variety	-0.21706147,0.16992265,1.81914,1.9380425,-0.9513532,-0.07133886,1.0575179,1.3955795
of	-1.1543951,0.5323426,-0.72937834,-0.5781622,0.09573415,0.46352723,-0.7985465,-1.3955536
problems	-0.3322181,0.22980921,0.91102135,-0.7778513,-0.107120715,-0.93744683,0.30315855,2.2061715
-	-0.6032676,0.72738296,-0.44731286,-1.7306114,1.3114424,-1.1946638,0.21296307,0.16557318
Difficulty	0.15564273,0.23582922,0.007455036,0.583988,-0.13874984,1.1560013,0.5597692,0.27567133
handling	0.28406265,-0.74584186,-0.07458016,1.0263579,0.11321266,0.47578368,-1.5046216,2.0208642
non-linear	-0.25858903,0.33467704,-1.1747985,1.0219454,0.023089625,0.6129964,2.265606,0.18009803
datasets	-0.013493993,-1.4794996,-0.663204,-1.818966,0.106565215,-2.9289482,-1.1630702,0.024869503
-	-0.6032676,0.72738296,-0.44731286,-1.7306114,1.3114424,-1.1946638,0.21296307,0.16557318
Features	-1.4639693,1.5967968,-0.29380363,2.5638974,0.015007392,-1.3681613,-0.47521433,-0.65777725
on	-0.6507311,-0.16122137,-0.3498972,1.6777656,0.5849124,0.19891821,-0.32517108,-0.67510206
similar	0.41330823,0.31056544,-1.474925,1.345146,0.23692559,-0.94504255,-1.7576449,-0.24335043
scale	-0.05720602,-1.0408196,-0.3878924,0.29447502,-1.9552317,2.0472252,0.89683354,-0.7140868
one-hot	-1.0304508,-0.61486125,1.8448024,0.42245394,0.67092353,-1.020597,-1.4941589,0.12969162
encoding	-1.3766441,-1.2856951,1.6212683,2.173908,-0.91413844,-0.84901774,-1.365718,0.543387
complex	-1.6591827,-0.8392674,-0.28242478,0.6990381,-0.13086869,1.0108765,0.030997379,0.09633782
features	0.37929377,-0.02723732,0.10952609,0.92964727,1.2866434,0.4788974,0.065978035,0.24311799
Decision	-0.0027814726,-0.7373154,0.44509608,0.0679907,2.099261,-0.14730021,-0.92997473,-0.48638016
Tree	-0.16604823,-1.6678529,-0.17414507,0.38074818,-0.3786433,0.8808636,0.20316121,0.5675136
+	-0.9332373,0.8636745,0.6289381,-0.29879388,-0.4652389,-1.3734646,0.045321852,-1.0413575
Can	-0.5001491,-0.6146897,-0.15179388,-0.5929483,-0.78486145,1.4656695,-0.36647868,-0.69801164
Handle	1.5165384,1.7475836,0.6739954,1.4871312,0.42212614,0.92802083,-0.61937565,0.2541782
Complex	0.33387905,1.3814338,-0.18078506,-0.286427,-0.84301066,-0.5703372,0.34432483,-1.3661206
non-linear	-0.25858903,0.33467704,-1.1747985,1.0219454,0.023089625,0.6129964,2.265606,0.18009803
relationship	-1.5013729,-0.5200669,-0.7400031,-0.9704724,-1.8458723,-1.9732894,-1.0597446,0.74028325
+	-0.9332373,0.8636745,0.6289381,-0.29879388,-0.4652389,-1.3734646,0.045321852,-1.0413575
Easily	-1.079708,1.4987254,-1.1141002,-0.8061066,0.5018655,0.6881784,0.15485497,-0.99452645
handles	0.5185902,0.5577035,-0.97582364,-1.2620972,0.9790963,-2.0160835,-1.017492,-0.965599
numeric	-0.7123236,1.3966317,1.4380407,-0.98187405,-0.29565135,0.27600613,-0.18496093,-0.57008827
categorical	-0.37789384,0.19318086,0.5240513,1.4722883,0.061446317,-1.215056,-0.691239,0.4995689
data	0.06164984,-0.08711081,0.16195874,1.0261813,-1.0675511,1.0544444,1.1531801,0.0038696416
missing	1.0965718,-1.1621689,0.6221003,-0.89709,0.23080017,-1.4537896,0.55120915,0.2515529
data	0.06164984,-0.08711081,0.16195874,1.0261813,-1.0675511,1.0544444,1.1531801,0.0038696416
-	-0.6032676,0.72738296,-0.44731286,-1.7306114,1.3114424,-1.1946638,0.21296307,0.16557318
Prone	-0.117627524,1.2582549,0.94990045,0.4421173,-1.1680254,0.0856759,-0.9536338,0.25093657
to	-0.31876087,-0.6160546,3.0769994,-1.1480231,0.23322646,-0.32492784,1.7030697,-0.9056865
overfitting	-0.086696096,0.0057624565,-0.7380184,-0.17221242,-0.9743503,-0.6100839,0.3807489,-0.4620086
-	-0.6032676,0.72738296,-0.44731286,-1.7306114,1.3114424,-1.1946638,0.21296307,0.16557318
Poor	-0.65536225,0.6469256,-1.0698404,0.49300313,-1.5490221,-1.3037705,0.811214,0.6460871
predictive	-0.08767937,0.35715306,0.30772302,-0.72876567,0.154643,0.04936621,-0.29831904,-0.43283942
accuracy	1.3083076,-0.42072433,0.08899942,-0.9661889,-0.7252654,0.9685982,0.9826078,-0.012408291
Ensemble	1.7159678,-0.8260141,-1.11842,0.18438633,-0.43936977,2.0964444,1.9774468,-1.1834064
Methods	0.9769496,-1.2494856,-1.1351035,-1.1225464,-0.5885121,-1.2327336,1.2157487,0.18194494
+	-0.9332373,0.8636745,0.6289381,-0.29879388,-0.4652389,-1.3734646,0.045321852,-1.0413575
Combines	0.5613754,1.7714667,-1.384706,1.118831,1.3107722,0.09535866,-0.27470452,1.9379555
multiple	0.4266929,-0.025606627,-0.6118692,0.74612546,-0.7572718,1.7652752,1.0259693,0.16456942
simple	-0.6583659,-0.39953232,1.6025795,0.34631506,-0.8131084,0.042126875,0.50110215,-0.5746391
decision	0.7844727,0.2700527,0.25007108,-0.62935835,-1.3131627,0.75741607,-0.02305538,-0.23744139
trees	0.2655954,0.52797765,-0.4541508,-0.09035846,-0.89303356,0.46430618,-0.12583153,-0.38870135
+	-0.9332373,0.8636745,0.6289381,-0.29879388,-0.4652389,-1.3734646,0.045321852,-1.0413575
Addresses	0.34566736,-0.8776911,-0.8080119,0.12844902,0.20643006,0.41123298,-2.264582,-0.59160435
decision	0.7844727,0.2700527,0.25007108,-0.62935835,-1.3131627,0.75741607,-0.02305538,-0.23744139
tree	1.5763514,0.7044559,-0.8864789,0.854538,-1.2751852,-0.9966006,-0.5922621,0.3793449
overfitting	-0.086696096,0.0057624565,-0.7380184,-0.17221242,-0.9743503,-0.6100839,0.3807489,-0.4620086
problem	0.4553972,-1.8825837,-0.043374855,1.4957328,0.8272771,-1.1794666,-2.349566,1.7511525
+	-0.9332373,0.8636745,0.6289381,-0.29879388,-0.4652389,-1.3734646,0.045321852,-1.0413575
Much	1.4933722,-0.37088498,-0.6644304,-1.1873931,1.6632997,-0.5764316,-1.641854,-0.08080171
better	-0.23443471,-0.06560645,1.3674097,-0.52622795,0.4247116,1.0208542,0.16217184,-0.19916922
predictive	-0.08767937,0.35715306,0.30772302,-0.72876567,0.154643,0.04936621,-0.29831904,-0.43283942
performance	0.46724078,0.69999444,-0.100377694,0.91470927,0.49728063,-0.2564456,-0.21848072,0.626897
-	-0.6032676,0.72738296,-0.44731286,-1.7306114,1.3114424,-1.1946638,0.21296307,0.16557318
More	0.49353305,0.04151162,0.21625975,1.4560411,0.72208595,0.38109946,-0.020195903,1.2338296
complex	-1.6591827,-0.8392674,-0.28242478,0.6990381,-0.13086869,1.0108765,0.030997379,0.09633782
to	-0.31876087,-0.6160546,3.0769994,-1.1480231,0.23322646,-0.32492784,1.7030697,-0.9056865
understand	-0.30889478,0.39536908,0.47550973,-0.22893842,-1.2765903,-0.77798337,0.905015,-0.45535815
